(center 490 
	((1.148 1.573) (1.356 1.727) (1.788 1.407) (1.662 1.291) (1.300 1.305) )
	((0 0.000 -0.015 0.015) (10 0.040 -0.115 0.095) (20 0.040 -0.175 0.015) 2)
)

(leftmost 450 
	((1.788 1.407) (1.356 1.727) (1.553 1.895) (1.847 1.830) (1.910 1.529) )
	(0 (10 0.040 -0.115 0.095) (20 0.110 -0.115 0.185) (30 0.150 -0.155 0.245) )
)

(rightmost 0b0 
	((1.672 1.743) (1.868 1.495) (1.570 1.304) (1.328 1.517) (1.418 1.793) )
	((0 0.000 0.000 -0.140) (20 0.000 -0.149 -0.090) (30 -0.060 -0.189 -0.200) )
)

